
pbe_train_r2: 0.8026017029180877
pbe_train_mae: 3.5378878336199167
pbe_val_r2: 0.7208223214923104
pbe_val_mae: 6.46270222424669
pbe_test_r2: 0.44248194869901347
pbe_test_mae: 4.263432128436034
