
scan_train_r2: 0.8565889272232586
scan_train_mae: 3.296576193464526
scan_val_r2: 0.5933535751539909
scan_val_mae: 6.889672908363941
scan_test_r2: 0.6167640771259685
scan_test_mae: 4.310391181857026
