
pbe_train_r2: 0.4310152985478869
pbe_train_mae: 7.018547339477824
pbe_val_r2: 0.14352307228652128
pbe_val_mae: 5.347611569458863
pbe_test_r2: 0.5840997596725517
pbe_test_mae: 3.6522308774998926
