
scan_train_r2: 0.6070256398223135
scan_train_mae: 5.549687969081145
scan_val_r2: 0.03572969790098712
scan_val_mae: 9.162148599537861
scan_test_r2: 0.5987539956110848
scan_test_mae: 3.677505178581753
