
pbe_train_r2: 0.7158548082682108
pbe_train_mae: 4.693822326439047
pbe_val_r2: 0.7964090504903392
pbe_val_mae: 5.287497602372919
pbe_test_r2: 0.602618497052463
pbe_test_mae: 3.505800499095642
