
scan_train_r2: 0.6009520527212044
scan_train_mae: 5.9847246916084345
scan_val_r2: 0.4083902894995215
scan_val_mae: 5.331036428855184
scan_test_r2: 0.5880229183533059
scan_test_mae: 4.420442028612167
