
pbe_train_r2: 0.8205891351561128
pbe_train_mae: 3.6168569533679493
pbe_val_r2: 0.7692500334182999
pbe_val_mae: 5.516084361810276
pbe_test_r2: 0.48993417484312274
pbe_test_mae: 4.148377552985378
