
scan_train_r2: 0.7857595877563555
scan_train_mae: 4.447386903872983
scan_val_r2: 0.6329101377268449
scan_val_mae: 6.157458838590572
scan_test_r2: 0.5242763742510297
scan_test_mae: 4.570553132185485
