
pbe_train_r2: 0.8004634733296644
pbe_train_mae: 3.680829310310701
pbe_val_r2: 0.7230655164174928
pbe_val_mae: 6.485206967108977
pbe_test_r2: 0.30936114291886163
pbe_test_mae: 4.606048498194326
