
scan_train_r2: 0.8372283277781214
scan_train_mae: 3.5628428463004767
scan_val_r2: 0.5940347403597735
scan_val_mae: 7.287351254166323
scan_test_r2: 0.6392017775042929
scan_test_mae: 4.07596260326219
