
pbe_train_r2: 0.8991528180260746
pbe_train_mae: 2.3094737881955774
pbe_val_r2: 0.8829156798916699
pbe_val_mae: 5.825949365198335
pbe_test_r2: -3.633459375896958
pbe_test_mae: 10.031702107555306
