
scan_train_r2: 0.5751576866301091
scan_train_mae: 6.208790565882811
scan_val_r2: 0.5815726719414296
scan_val_mae: 5.9538137532671875
scan_test_r2: 0.3907367580808151
scan_test_mae: 6.123523493098216
