
pbe_train_r2: 0.47720119979320197
pbe_train_mae: 6.318237937351204
pbe_val_r2: 0.09851217209635932
pbe_val_mae: 6.988113125384923
pbe_test_r2: 0.3581974440829613
pbe_test_mae: 4.077180715555757
