
scan_train_r2: 0.5801800515921127
scan_train_mae: 5.579351144572028
scan_val_r2: 0.019972499071713834
scan_val_mae: 10.151126506154155
scan_test_r2: 0.5810273944866808
scan_test_mae: 3.6112476779819582
