
pbe_train_r2: 0.8287909161943054
pbe_train_mae: 3.527724253012218
pbe_val_r2: 0.7227491303324349
pbe_val_mae: 5.156411782073442
pbe_test_r2: 0.4684837692169451
pbe_test_mae: 4.380359595083189
