
scan_train_r2: 0.8072582845298584
scan_train_mae: 3.4972071760596397
scan_val_r2: 0.7430036162996568
scan_val_mae: 5.424051322073507
scan_test_r2: 0.5576465666667372
scan_test_mae: 4.542085322109454
