
pbe_train_r2: 0.5196997521902507
pbe_train_mae: 6.1308839427131145
pbe_val_r2: 0.38229089758915935
pbe_val_mae: 5.311941397213375
pbe_test_r2: 0.6691080992080427
pbe_test_mae: 3.11682145562384
