
scan_train_r2: 0.5855851943623652
scan_train_mae: 5.68358086105794
scan_val_r2: 0.17620768567222878
scan_val_mae: 7.4392514219516706
scan_test_r2: 0.6765689687338672
scan_test_mae: 3.295731848255207
