
pbe_train_r2: 0.8783642968696143
pbe_train_mae: 2.6419483398745798
pbe_val_r2: 0.9327996740345772
pbe_val_mae: 4.8636725928353055
pbe_test_r2: 0.299210785261968
pbe_test_mae: 5.3956632055215294
