
scan_train_r2: 0.8704924929588655
scan_train_mae: 3.495560307895942
scan_val_r2: 0.8763984918926712
scan_val_mae: 4.816638668652213
scan_test_r2: 0.5820353207081763
scan_test_mae: 5.034178960184867
