
pbe_train_r2: 0.7575244934794811
pbe_train_mae: 4.0313201364481195
pbe_val_r2: 0.8733948093791434
pbe_val_mae: 5.107906718812262
pbe_test_r2: 0.48985995836022445
pbe_test_mae: 3.8630193834786803
