
scan_train_r2: 0.769130830172369
scan_train_mae: 4.500231749752955
scan_val_r2: 0.8696533717297945
scan_val_mae: 3.7534237961059107
scan_test_r2: 0.39315249423309906
scan_test_mae: 5.1655545710216115
