
pbe_train_r2: 0.9169680555498813
pbe_train_mae: 2.528526303066876
pbe_val_r2: 0.5697948773651692
pbe_val_mae: 7.309790599072966
pbe_test_r2: 0.2843838350670178
pbe_test_mae: 4.985022845048968
