
scan_train_r2: 0.9477091584007743
scan_train_mae: 2.034638423291724
scan_val_r2: 0.5942553148692886
scan_val_mae: 8.00311835067222
scan_test_r2: 0.205968493867837
scan_test_mae: 6.295927752931935
