
pbe_train_r2: 0.7036238473173158
pbe_train_mae: 4.677666354817187
pbe_val_r2: 0.38203414416793624
pbe_val_mae: 5.893284817074697
pbe_test_r2: 0.530510751804192
pbe_test_mae: 3.550170952145398
