
scan_train_r2: 0.6615489512570977
scan_train_mae: 5.120706170486781
scan_val_r2: 0.1503306492313926
scan_val_mae: 7.835149140734304
scan_test_r2: 0.49367536036073445
scan_test_mae: 4.146547452886508
