
pbe_train_r2: 0.8864475485440055
pbe_train_mae: 2.8518225838779063
pbe_val_r2: 0.7888598660912453
pbe_val_mae: 6.557870348423397
pbe_test_r2: 0.618308859709559
pbe_test_mae: 3.934014149052673
