
scan_train_r2: 0.9223754299080751
scan_train_mae: 3.016209068796702
scan_val_r2: 0.3360418805463754
scan_val_mae: 6.263191532994159
scan_test_r2: 0.23311719466477254
scan_test_mae: 6.737391836728562
