
pbe_train_r2: 0.5185843149337696
pbe_train_mae: 6.002176288410641
pbe_val_r2: 0.6172432252944944
pbe_val_mae: 5.2673021420129285
pbe_test_r2: 0.47736226802436865
pbe_test_mae: 4.080009595720053
