
scan_train_r2: 0.8667123290469687
scan_train_mae: 3.004947848154547
scan_val_r2: 0.2428947621459454
scan_val_mae: 8.962877509381114
scan_test_r2: 0.14032473123688238
scan_test_mae: 6.354706428190252
