
pbe_train_r2: 0.7577773075637657
pbe_train_mae: 4.280785432444264
pbe_val_r2: 0.5844120628016612
pbe_val_mae: 4.523142175576376
pbe_test_r2: 0.1996098121751545
pbe_test_mae: 4.7849747276380175
