
scan_train_r2: 0.6621352358697743
scan_train_mae: 4.978668702411516
scan_val_r2: 0.27071108123757315
scan_val_mae: 7.834837163458625
scan_test_r2: 0.5435738354603566
scan_test_mae: 4.257538046873107
