
pbe_train_r2: 0.8812867587093582
pbe_train_mae: 2.5480748230748693
pbe_val_r2: 0.5925359385746055
pbe_val_mae: 10.096267160770598
pbe_test_r2: 0.43337062568333906
pbe_test_mae: 4.629057339235356
