
scan_train_r2: 0.915991877490723
scan_train_mae: 3.0079838301715887
scan_val_r2: 0.3865908070014098
scan_val_mae: 10.589976053136565
scan_test_r2: 0.5310227878261946
scan_test_mae: 4.791326150850647
