
pbe_train_r2: 0.7464731160401759
pbe_train_mae: 3.6729184645237805
pbe_val_r2: 0.43794325976099957
pbe_val_mae: 7.586745880964126
pbe_test_r2: 0.4911207685901905
pbe_test_mae: 3.9999304904071096
