
scan_train_r2: 0.945148717365395
scan_train_mae: 1.767365544161124
scan_val_r2: 0.5573264213216742
scan_val_mae: 6.443191744826208
scan_test_r2: 0.3334195985041266
scan_test_mae: 5.4461174251907085
