
pbe_train_r2: 0.8807545642793537
pbe_train_mae: 2.853378810583042
pbe_val_r2: 0.8568712995380336
pbe_val_mae: 5.25939532611971
pbe_test_r2: 0.5183728492806241
pbe_test_mae: 4.299748414041388
