
scan_train_r2: 0.953567523508257
scan_train_mae: 1.8067833030259952
scan_val_r2: 0.6625839814607197
scan_val_mae: 5.150994991882952
scan_test_r2: -0.3186909542605114
scan_test_mae: 8.225017771733157
