
pbe_train_r2: 0.95184060919229
pbe_train_mae: 1.5271271800225448
pbe_val_r2: 0.8209495676086878
pbe_val_mae: 6.493521599308336
pbe_test_r2: -0.014129083486044136
pbe_test_mae: 6.082758295441425
