
scan_train_r2: 0.8583081557871299
scan_train_mae: 3.820675987020631
scan_val_r2: 0.19743971587280662
scan_val_mae: 7.484837899640529
scan_test_r2: 0.4944238560556319
scan_test_mae: 5.1443828909877105
