
pbe_train_r2: 0.8403263029815925
pbe_train_mae: 3.1250142216225747
pbe_val_r2: 0.78132285477629
pbe_val_mae: 5.924269042684714
pbe_test_r2: 0.5147716559299425
pbe_test_mae: 4.361714132723994
