
scan_train_r2: 0.8739179007696203
scan_train_mae: 3.016474149489853
scan_val_r2: 0.6027623110517306
scan_val_mae: 5.417067491572215
scan_test_r2: 0.151615037485461
scan_test_mae: 5.654668916442009
